variables

1				3		4		5		6		10		 12		  13	   14					df_index
1		2		3		4		5		6		10		 12		  13	   14		15			timestamp
1(0.02)	2(0.05)	3(0.01)	4(0.03)	5(0.00)	6(0.02)	10(0.05) 12(0.02) 13(0.03) 14(0.02)	15(0.02) 	position_lat
1(0.02)	2(0.05)	3(0.01)	4(0.03)	5(0.00)	6(0.02)	10(0.05) 12(0.02) 13(0.03) 14(0.02)	15(0.02) 	position_long
1(0.17)	2(0.05)	3(0.14)	4(0.05)	5(0.06)	6(0.02)	10(0.10) 12(0.02) 13(0.03) 14(0.15)	15(0.02) 	gps_accuracy 
1(0.02)	2(0.06)	3(0.01)	4(0.03)	5(0.00)	6(0.02)	10(0.04) 12(0.02) 13(0.03) 14(0.02)	15(0.12) x	enhanced_altitude
1(0.02)	2(0.06)	3(0.01)	4(0.03)	5(0.00)	6(0.02)	10(0.04) 12(0.02) 13(0.03) 14(0.08)	15(0.12) x	altitude
1(0.03)	2(0.04)	3(0.04)	4(0.01)	5(0.05)	6(0.00)	10(0.01) 12(0.01) 13(0.03) 14(0.01)	15(0.01) 	distance
1(0.07)	2(0.07)	3(0.06)	4(0.04)	5(0.34)	6(0.02)	10(0.06) 12(0.54) 13(0.04) 14(0.12)	15(0.28) 	heart_rate
1(0.01)	2(0.05)	3(0.01)	4(0.08)	5(0.00)	6(0.01)	10(0.01) 12(0.01) 13(0.03) 14(0.02)	15(0.02) x	enhanced_speed
1(0.01)	2(0.05)	3(0.01)	4(0.08)	5(0.00)	6(0.01)	10(0.01) 12(0.01) 13(0.03) 14(0.08)	15(0.02) x	speed
1(0.06)	2(0.11)	3(0.21)	4(0.08)	5(0.11)	6(0.05)	10(0.06) 12(0.14) 13(0.05) 14(0.06)	15(0.13) 	power
1(0.94)	2(0.93)	3(0.98)	4(0.98)!		6(0.98)	10(0.98) 		  13(0.96) 14(0.99)	15(0.90) 	combined_pedal_smoothness !! - WHAT IS IT
1(0.39)	2(0.14)	3(0.33)	4(0.14)	5(0.32)	6(0.07)	10(0.09) 12(0.17) 13(0.09) 14(0.34)	15(0.13) 	left_torque_effectiveness
1(0.51)	2(0.24)	3(0.33)	4(0.10)	5(0.50)	6(0.11)	10(0.16) 12(0.19) 13(0.09) 14(0.56)	15(0.13) 	right_torque_effectiveness
1(0.02)	2(0.00)	3(0.04)	4(0.01)	5(0.06)	6(0.00)	10(0.00) 12(0.00) 13(0.00) 14(0.00)	15(0.00) 	temperature
1(0.17)	2(0.06)	3(0.14)	4(0.05)	5(0.06)	6(0.02)	10(0.10) 12(0.02) 13(0.03) 14(0.15)	15(0.12) 	grade
1(0.06)	2(0.11)	3(0.21)	4(0.08)	5(0.09)	6(0.04)	10(0.04) 12(0.14) 13(0.05) 14(0.06)	15(0.14) 	cadence
1(0.28)!2(0.28)!3(0.46)!4(0.14)!5(0.57)!6(0.11)!10(0.16)!12(0.30)!13(0.05)!14(0.48)!15(0.14)!	left_right_balance
1(UNIQ)	2(UNIQ)	3(UNIQ)	4(UNIQ)	5(UNIQ)	6(UNIQ)	10(UNIQ) 12(UNIQ) 13(UNIQ) 14(UNIQ)	15(UNIQ) 	local_timestamp
1		2		3		4		5		6		10		 12		  13	   14		15			file_id
1(0.99)	2(0.99)	3(0.99)	4(0.99)	5(0.99)	6(0.99)	10(0.99) 12(0.99) 13(0.99) 14(0.99)	15(0.99) 	battery_soc
1(0.45)	2(0.21)	3(0.35)	4(0.16)	5(0.34)	6(0.10)	10(0.11) 12(0.26) 13(0.86) 14(0.56)	15(0.53) 	left_pedal_smoothness
1(0.57)	2(0.31)	3(0.35)	4(0.13)	5(0.54)	6(0.15)	10(0.18) 12(0.24) 13(0.86) 14(0.64)	15(0.53) 	right_pedal_smoothness
1(0.99)	2(0.99)	3(0.99)	4(0.99)	5(0.99)	6(0.99)	10(0.99) 12(0.99) 13(0.99) 14(0.99)	15(0.99) 	glucose
1(ZERO)!		3(ZERO)!4(1.00)!5(ZERO)!		10(ZERO)!				   14(ZERO)!		 x	fractional_cadence 
1(0.88)			3(0.93)			5(0.99)			10(0.95) 		  13(CONS)!14(0.88)				accumulated_power - HOW CALCULATED?
1(1.00)!		3(1.00)!4(1.00)!5(1.00)!		10(1.00)!12(1.00)!							 x	time_from_course
1(1.00)!		3(1.00)!4(1.00)!5(1.00)!		10(1.00)!12(1.00)!							 x	compressed_speed_distance
1(1.00)!		3(1.00)!4(1.00)!5(1.00)!		10(ZERO)!12(1.00)!							 x	resistance
1(1.00)!		3(1.00)!4(1.00)!5(1.00)!		10(1.00)!12(1.00)!							 x	cycle_length
1						4                       												device_ELEMNT
1		2		3		4		5		6		10		 12		  13	   14		15			device_ELEMNTBOLT
														 12										device_ELEMNTROAM
1				3		4		5				10		 		  13	   14					device_GARMIN
1				3		4		5				10		 12										device_ZWIFT
1		2		3		4		5		6		10		 12		  13	   14		15			keep_devices
1		2		3		4		5		6		10		 12		  13	   14		15			error_local_timestamp